# focal plane geometry layout data
# 
# rows are the chips in the focal plane
# columns are the name, x position (microns), y position (microns),
# pixel size (microns), number of x pixels, number of y pixels,
# device material (silicon or MCT) 
# type of device (note CMOS also means Fast Frame silicon CCD, and # readout integration mode (frame or sequence)
# readout time (silicon CCD) or frame rate (CMOS)
# group of sensors, 3 euler rotations (degrees), 3 translations (mm)
# deformation type, deformation coefficients, QE variation (obsolete)
#
R00_SG0 -258750.0 -212230.0 10.0 4000 4072 silicon CMOS frame 0.1 100.0 Group2 -0.013636 0.000000 0.000000 0 0 0.000000 zern 0.00 -2.08 -0.55 1.75 -0.08 0.17 0.50 -0.57 -0.20 0.51 0.34 -0.47 0.01 -0.18 0.20 -0.34 0.07 -0.30 0.17 -0.05 0.05 -0.44 0.00
R00_SG1 -212230.0 -258730.0 10.0 4000 4072 silicon CMOS frame 0.1 100.0 Group2 -0.006303 0.000000 0.000000 0 0 0.000000 zern 0.00 0.81 -0.59 1.33 -0.09 0.91 0.47 -0.00 0.01 0.23 0.05 -0.02 -0.10 0.35 0.74 -0.38 -0.07 -0.07 0.05 -0.00 -0.14 -0.11 0.00
R00_SW1 -225885.0 -214260.0 10.0 2000 4072 silicon CCD frame 3.0 100.0 Group1 -0.002807 0.000000 0.000000 0 0 0.000000 zern -1500.0 -2.41 -1.10 -1.17 0.21 -0.38 0.46 0.20 -0.00 -0.12 -0.19 0.17 -0.01 0.08 0.36 -0.09 0.03 0.04 -0.01 0.11 -0.17 0.32 0.00
R00_SW0 -202615.0 -214240.0 10.0 2000 4072 silicon CCD frame 3.0 100.0 Group1 -0.004927 0.000000 0.000000 0 0 0.000000 zern 1500.0 -3.75 -0.95 -0.99 0.38 0.78 0.01 0.23 -0.00 -0.24 -0.08 -0.04 -0.00 -0.01 -0.14 -0.23 0.00 -0.02 -0.05 -0.02 -0.16 -0.20 0.00
R01_S00 -296260.0 -169260.0 10.0 4000 4072 silicon CCD frame 3.0 100.0 Group0 0.023663 0.000000 0.000000 0 0 0.000000 zern 0.00 5.59 1.36 -1.44 0.02 -0.93 -1.08 0.79 -0.14 0.39 0.00 -0.01 -0.36 -0.33 -0.34 -0.17 -0.00 0.14 -0.02 0.02 -0.01 0.22 0.00
R01_S01 -296260.0 -127010.0 10.0 4000 4072 silicon CCD frame 3.0 100.0 Group0 0.006245 0.000000 0.000000 0 0 0.000000 zern 0.00 4.38 1.36 -1.73 0.06 -0.36 -0.44 0.58 -1.00 -0.70 -0.74 0.08 0.02 -0.23 -0.28 -0.15 -0.14 0.31 -0.06 -0.09 -0.17 0.43 0.00
R01_S02 -296260.0 -84760.0 10.0 4000 4072 silicon CCD frame 3.0 100.0 Group0 0.020798 0.000000 0.000000 0 0 0.000000 zern 0.00 -0.40 1.41 -4.88 0.31 0.52 0.92 1.35 -0.14 1.21 -0.27 0.12 0.37 0.48 0.86 0.37 -0.25 0.13 -0.04 0.40 -0.40 0.33 0.00
R01_S10 -254010.0 -169260.0 10.0 4000 4072 silicon CCD frame 3.0 100.0 Group0 0.003037 0.000000 0.000000 0 0 0.000000 zern 0.00 8.52 -1.66 1.53 -0.01 0.33 0.64 -0.72 1.00 -0.16 0.20 -0.17 0.05 -0.23 -0.09 -0.13 0.35 -0.15 0.06 0.06 0.45 -0.22 0.00
R01_S11 -254010.0 -127010.0 10.0 4000 4072 silicon CCD frame 3.0 100.0 Group0 0.002406 0.000000 0.000000 0 0 0.000000 zern 0.00 3.00 2.76 1.09 -0.02 -1.22 0.01 -0.18 -0.98 -0.18 -0.04 -0.15 -0.11 -0.42 0.01 -0.46 -0.09 -0.00 0.03 -0.10 -0.12 -0.03 0.00
R01_S12 -254010.0 -84760.0 10.0 4000 4072 silicon CCD frame 3.0 100.0 Group0 0.016215 0.000000 0.000000 0 0 0.000000 zern 0.00 -2.25 -1.53 -2.57 0.61 -0.22 -0.76 0.98 0.60 -0.17 0.27 0.36 -0.28 -0.30 -0.73 -0.48 0.20 0.24 0.04 -0.03 0.26 0.34 0.00
R01_S20 -211760.0 -169260.0 10.0 4000 4072 silicon CCD frame 3.0 100.0 Group0 0.016387 0.000000 0.000000 0 0 0.000000 zern 0.00 8.64 -0.30 -4.15 0.24 0.02 0.48 1.00 0.04 0.84 -0.15 0.06 0.14 0.13 0.17 0.05 0.09 0.32 -0.19 0.22 0.15 0.52 0.00
R01_S21 -211760.0 -127010.0 10.0 4000 4072 silicon CCD frame 3.0 100.0 Group0 -0.004927 0.000000 0.000000 0 0 0.000000 zern 0.00 3.72 3.25 -2.49 -0.02 -0.34 0.44 1.00 -0.95 -0.45 -0.21 -0.18 0.22 -0.23 0.05 0.25 -0.15 0.12 -0.06 0.05 -0.20 0.19 0.00
R01_S22 -211760.0 -84760.0 10.0 4000 4072 silicon CCD frame 3.0 100.0 Group0 0.010772 0.000000 0.000000 0 0 0.000000 zern 0.00 -1.89 -1.26 1.66 -0.23 -0.22 0.87 -0.28 0.21 -0.12 0.03 -0.07 0.28 -0.10 0.69 -0.36 0.04 -0.20 -0.03 0.09 0.05 -0.29 0.00
R02_S00 -296260.0 -42260.0 10.0 4000 4072 silicon CCD frame 3.0 100.0 Group0 -0.020168 0.000000 0.000000 0 0 0.000000 zern 0.00 -6.47 -3.93 2.76 0.08 0.87 0.09 -1.01 0.79 -0.53 -0.19 -0.04 0.41 0.39 -1.18 0.13 0.25 -0.11 0.07 -0.06 0.37 -0.17 0.00
R02_S01 -296260.0 -10.0 10.0 4000 4072 silicon CCD frame 3.0 100.0 Group0 -0.007219 0.000000 0.000000 0 0 0.000000 zern 0.00 0.57 -1.04 -1.42 0.22 -0.37 -0.59 0.82 -0.00 -0.33 -0.64 0.46 -0.32 -0.04 0.69 0.07 -0.12 0.17 -0.20 0.03 -0.09 0.22 0.00
R02_S02 -296260.0 42240.0 10.0 4000 4072 silicon CCD frame 3.0 100.0 Group0 -0.018106 0.000000 0.000000 0 0 0.000000 zern 0.00 7.41 1.74 1.62 -0.45 -1.09 0.42 -0.99 -0.54 1.46 -0.83 -0.10 0.14 -0.14 -0.34 -0.28 -0.29 -0.40 -0.10 0.22 -0.37 -0.46 0.00
R02_S10 -254010.0 -42260.0 10.0 4000 4072 silicon CCD frame 3.0 100.0 Group0 0.005500 0.000000 0.000000 0 0 0.000000 zern 0.00 -6.82 -2.42 0.68 0.31 -0.52 0.25 -0.02 1.00 -0.12 -0.02 -0.04 0.39 -0.26 -1.00 0.17 0.16 0.21 -0.05 0.01 0.25 0.32 0.00
R02_S11 -254010.0 -10.0 10.0 4000 4072 silicon CCD frame 3.0 100.0 Group0 0.006818 0.000000 0.000000 0 0 0.000000 zern 0.00 3.35 -0.90 -0.62 0.22 -0.47 0.55 0.09 0.03 -0.44 -0.46 -0.15 0.01 -0.18 0.77 -0.21 0.05 -0.02 -0.01 0.08 0.05 -0.04 0.00
R02_S12 -254010.0 42240.0 10.0 4000 4072 silicon CCD frame 3.0 100.0 Group0 0.000917 0.000000 0.000000 0 0 0.000000 zern 0.00 3.85 -1.09 -0.50 0.18 0.23 -0.52 0.35 -0.00 -0.77 0.53 -0.30 0.04 -0.05 0.34 -0.05 0.12 -0.12 -0.01 0.01 0.18 -0.19 0.00
R02_S20 -211760.0 -42260.0 10.0 4000 4072 silicon CCD frame 3.0 100.0 Group0 -0.023319 0.000000 0.000000 0 0 0.000000 zern 0.00 -1.36 1.35 2.73 -0.30 -0.91 0.46 -0.95 -0.38 0.25 0.35 -0.29 0.22 -0.28 -0.17 0.11 -0.20 -0.44 0.01 0.05 -0.28 -0.62 0.00
R02_S21 -211760.0 -10.0 10.0 4000 4072 silicon CCD frame 3.0 100.0 Group0 -0.010600 0.000000 0.000000 0 0 0.000000 zern 0.00 0.56 -0.65 -0.51 0.16 -0.51 -0.59 0.09 0.00 -0.68 -1.08 0.07 0.11 -0.32 0.09 -0.12 -0.18 -0.07 -0.14 0.01 -0.20 -0.12 0.00
R02_S22 -211760.0 42240.0 10.0 4000 4072 silicon CCD frame 3.0 100.0 Group0 -0.010714 0.000000 0.000000 0 0 0.000000 zern 0.00 8.55 0.59 4.95 -0.60 -0.43 -0.53 -0.94 -0.00 -0.86 -0.37 -0.53 0.01 -0.27 0.47 0.16 0.06 -0.17 -0.03 -0.26 0.11 -0.37 0.00
R03_S00 -296260.0 84740.0 10.0 4000 4072 silicon CCD frame 3.0 100.0 Group0 0.020340 0.000000 0.000000 0 0 0.000000 zern 0.00 6.85 -1.08 -0.99 0.17 -0.28 0.71 0.43 0.37 0.01 -0.42 0.10 0.19 0.06 0.47 0.04 0.04 0.01 -0.00 -0.04 0.06 -0.04 0.00
R03_S01 -296260.0 126990.0 10.0 4000 4072 silicon CCD frame 3.0 100.0 Group0 0.027846 0.000000 0.000000 0 0 0.000000 zern 0.00 -1.12 0.67 1.29 -0.24 0.76 -0.62 0.07 -0.03 -0.69 0.28 0.21 0.24 0.28 0.50 0.25 -0.03 -0.21 -0.00 -0.01 -0.04 -0.34 0.00
R03_S02 -296260.0 169240.0 10.0 4000 4072 silicon CCD frame 3.0 100.0 Group0 0.014897 0.000000 0.000000 0 0 0.000000 zern 0.00 -0.38 1.88 -2.25 -0.02 0.43 -0.19 0.92 -0.98 -0.30 0.25 0.33 -0.11 0.39 0.06 -0.20 -0.21 0.37 -0.00 -0.01 -0.32 0.52 0.00
R03_S10 -254010.0 84740.0 10.0 4000 4072 silicon CCD frame 3.0 100.0 Group0 0.019480 0.000000 0.000000 0 0 0.000000 zern 0.00 -1.11 1.87 -1.41 -0.01 -0.92 -0.81 0.59 -0.94 0.07 0.14 -0.06 -0.37 -0.08 -0.55 0.07 -0.19 0.13 -0.09 0.00 -0.24 0.19 0.00
R03_S11 -254010.0 126990.0 10.0 4000 4072 silicon CCD frame 3.0 100.0 Group0 0.006188 0.000000 0.000000 0 0 0.000000 zern 0.00 -0.31 4.00 -0.73 -0.20 -0.46 0.23 -0.01 -0.92 0.46 -0.18 0.30 -0.31 -0.12 0.14 0.72 -0.43 -0.13 0.10 0.09 -0.66 -0.11 0.00
R03_S12 -254010.0 169240.0 10.0 4000 4072 silicon CCD frame 3.0 100.0 Group0 0.015012 0.000000 0.000000 0 0 0.000000 zern 0.00 1.95 -0.32 0.74 -0.15 -0.11 0.24 -0.44 -0.01 -0.50 -0.27 0.16 0.05 0.16 -0.18 -0.46 -0.08 0.08 0.04 -0.04 -0.14 0.10 0.00
R03_S20 -211760.0 84740.0 10.0 4000 4072 silicon CCD frame 3.0 100.0 Group0 0.023549 0.000000 0.000000 0 0 0.000000 zern 0.00 -6.95 0.27 0.79 0.04 0.33 -0.11 -0.20 0.01 -0.36 -0.06 -0.25 0.05 -0.23 -0.83 -0.10 0.13 0.11 -0.00 -0.14 0.19 0.11 0.00
R03_S21 -211760.0 126990.0 10.0 4000 4072 silicon CCD frame 3.0 100.0 Group0 0.003552 0.000000 0.000000 0 0 0.000000 zern 0.00 -4.04 0.97 -1.84 0.14 0.04 -0.28 0.78 -0.61 -0.43 -0.07 0.14 -0.37 -0.38 -0.91 0.50 -0.01 0.37 -0.03 -0.22 0.02 0.46 0.00
R03_S22 -211760.0 169240.0 10.0 4000 4072 silicon CCD frame 3.0 100.0 Group0 0.029507 0.000000 0.000000 0 0 0.000000 zern 0.00 -4.37 -1.26 0.46 0.01 -0.53 0.08 -0.02 0.80 0.99 0.43 0.51 0.16 -0.02 -0.17 -0.55 0.09 0.01 0.03 0.11 0.12 0.08 0.00
R04_SG0 -212230.0 258750.0 10.0 4000 4072 silicon CMOS frame 0.1 100.0 Group2 -90.000290 0.000000 0.000000 0 0 0.000000 zern 0.00 0.75 -1.31 5.80 -0.58 -0.56 0.38 -1.37 0.20 -1.24 -0.27 -0.09 0.12 0.03 0.23 -0.41 0.15 -0.29 -0.08 -0.25 0.26 -0.57 0.00
R04_SW1 -214260.0 225885.0 10.0 2000 4072 silicon CCD frame 3.0 100.0 Group1 -89.994904 0.000000 0.000000 0 0 0.000000 zern -1500.0 -2.55 -1.02 0.90 0.02 -0.16 0.03 -0.22 0.20 -0.13 0.35 -0.07 -0.07 0.01 -0.01 -0.31 0.01 -0.06 0.05 -0.00 0.11 -0.02 0.00
R04_SW0 -214240.0 202615.0 10.0 2000 4072 silicon CCD frame 3.0 100.0 Group1 -89.981606 0.000000 0.000000 0 0 0.000000 zern 1500.0 -3.17 -0.17 1.06 -0.02 -0.47 -0.24 0.01 0.20 -0.22 -0.07 0.04 0.13 0.00 -0.27 0.19 -0.02 -0.03 -0.02 -0.01 -0.01 -0.02 0.00
R04_SG1 -258730.0 212230.0 10.0 4000 4072 silicon CMOS frame 0.1 100.0 Group2 -90.016212 0.000000 0.000000 0 0 0.000000 zern 0.00 3.40 -1.28 5.25 -0.43 -0.92 -0.61 -0.63 0.40 -0.26 0.53 0.03 0.10 -0.53 0.83 -0.32 0.13 -0.28 -0.04 -0.12 0.21 -0.49 0.00
R10_S00 -169260.0 -296260.0 10.0 4000 4072 silicon CCD frame 3.0 100.0 Group0 -0.002922 0.000000 0.000000 0 0 0.000000 zern 0.00 -2.26 3.04 -0.72 -0.15 -1.41 -0.03 -0.02 -0.98 -0.29 -0.29 -0.09 -0.23 -0.46 -0.71 0.05 -0.23 0.08 0.01 -0.13 -0.30 0.11 0.00
R10_S01 -169260.0 -254010.0 10.0 4000 4072 silicon CCD frame 3.0 100.0 Group0 -0.001833 0.000000 0.000000 0 0 0.000000 zern 0.00 -5.87 -1.12 -1.18 0.30 -1.07 0.22 0.19 0.58 -0.12 -0.31 -0.02 0.23 -0.31 -0.55 -0.16 0.08 0.05 -0.04 0.01 0.16 0.10 0.00
R10_S02 -169260.0 -211760.0 10.0 4000 4072 silicon CCD frame 3.0 100.0 Group0 0.005787 0.000000 0.000000 0 0 0.000000 zern 0.00 -2.64 -1.34 -0.48 0.01 0.69 0.70 -0.00 0.60 0.54 0.17 0.39 0.13 -0.00 0.28 -0.12 0.12 -0.14 0.07 0.19 0.12 -0.12 0.00
R10_S10 -127010.0 -296260.0 10.0 4000 4072 silicon CCD frame 3.0 100.0 Group0 0.000287 0.000000 0.000000 0 0 0.000000 zern 0.00 2.24 -1.38 -2.49 0.48 1.24 0.68 0.95 0.97 -0.09 0.13 -0.03 -0.03 0.40 -0.64 -0.08 0.21 0.19 0.14 -0.10 0.24 0.24 0.00
R10_S11 -127010.0 -254010.0 10.0 4000 4072 silicon CCD frame 3.0 100.0 Group0 -0.009282 0.000000 0.000000 0 0 0.000000 zern 0.00 -4.03 0.88 -2.84 0.35 1.76 0.12 0.87 -0.07 -0.46 0.20 -0.22 0.16 0.58 -0.22 0.58 0.09 0.37 0.16 -0.23 0.06 0.46 0.00
R10_S12 -127010.0 -211760.0 10.0 4000 4072 silicon CCD frame 3.0 100.0 Group0 -0.011746 0.000000 0.000000 0 0 0.000000 zern 0.00 -2.96 1.11 3.40 -0.60 -0.60 -0.41 -1.00 -0.84 -0.46 0.44 -0.02 0.07 -0.09 -0.17 0.42 -0.06 -0.08 0.11 -0.15 -0.09 -0.17 0.00
R10_S20 -84760.0 -296260.0 10.0 4000 4072 silicon CCD frame 3.0 100.0 Group0 -0.012605 0.000000 0.000000 0 0 0.000000 zern 0.00 2.95 4.82 -1.51 -0.07 -0.87 0.73 0.80 -0.79 -0.13 0.97 -0.19 0.07 -0.44 0.74 0.38 -0.23 0.27 0.14 -0.05 -0.44 0.37 0.00
R10_S21 -84760.0 -254010.0 10.0 4000 4072 silicon CCD frame 3.0 100.0 Group0 -0.024236 0.000000 0.000000 0 0 0.000000 zern 0.00 2.04 -0.91 1.12 0.02 0.23 0.17 -0.60 -0.00 -0.49 -0.58 0.11 0.24 -0.09 -0.71 -0.27 -0.13 0.04 -0.05 -0.02 -0.16 0.05 0.00
R10_S22 -84760.0 -211760.0 10.0 4000 4072 silicon CCD frame 3.0 100.0 Group0 0.005042 0.000000 0.000000 0 0 0.000000 zern 0.00 -2.37 1.23 4.10 -0.57 -1.21 -0.11 -0.89 -0.60 -0.42 -1.54 -0.10 -0.22 -0.64 0.36 0.36 -0.15 -0.27 -0.21 0.02 -0.12 -0.40 0.00
R11_S00 -169250.0 -169250.0 10.0 4004 4096 silicon CCD frame 3.0 100.0 Group0 0.003552 0.000000 0.000000 0 0 0.000000 zern 0.00 -1.69 3.07 -1.03 -0.02 -0.73 -0.15 0.18 -0.94 -0.34 0.39 -0.33 0.08 -0.22 0.41 0.23 -0.30 0.14 0.01 0.03 -0.44 0.24 0.00
R11_S01 -169250.0 -127000.0 10.0 4004 4096 silicon CCD frame 3.0 100.0 Group0 -0.007563 0.000000 0.000000 0 0 0.000000 zern 0.00 -6.14 -0.31 -5.02 0.40 0.82 0.58 1.32 0.00 0.92 0.92 -0.21 -0.20 -0.02 0.33 0.26 0.13 0.23 0.24 0.26 0.05 0.46 0.00
R11_S02 -169250.0 -84750.0 10.0 4004 4096 silicon CCD frame 3.0 100.0 Group0 -0.005615 0.000000 0.000000 0 0 0.000000 zern 0.00 -8.75 1.49 -5.42 0.41 -0.37 0.41 0.96 -0.54 1.65 -0.70 0.39 0.02 -0.05 -0.99 0.13 -0.24 0.35 -0.12 0.58 -0.33 0.77 0.00
R11_S10 -127000.0 -169250.0 10.0 4004 4096 silicon CCD frame 3.0 100.0 Group0 0.003724 0.000000 0.000000 0 0 0.000000 zern 0.00 -1.49 1.50 -2.33 -0.01 0.51 -0.27 0.96 -0.20 -0.04 -0.05 0.19 0.21 0.33 0.37 0.68 -0.23 0.26 -0.19 -0.01 -0.26 0.36 0.00
R11_S11 -127000.0 -127000.0 10.0 4004 4096 silicon CCD frame 3.0 100.0 Group0 0.004240 0.000000 0.000000 0 0 0.000000 zern 0.00 -6.77 0.87 -1.31 0.12 -0.83 0.08 0.40 0.17 0.03 -0.35 -0.40 -0.35 -0.30 0.52 0.50 -0.18 0.23 -0.10 0.01 -0.27 0.32 0.00
R11_S12 -127000.0 -84750.0 10.0 4004 4096 silicon CCD frame 3.0 100.0 Group0 -0.019481 0.000000 0.000000 0 0 0.000000 zern 0.00 -6.24 0.24 1.04 -0.19 -0.26 -0.33 0.04 -0.01 -0.58 0.39 0.32 0.19 -0.12 0.01 -0.45 0.14 0.03 -0.01 -0.03 0.22 0.01 0.00
R11_S20 -84750.0 -169250.0 10.0 4004 4096 silicon CCD frame 3.0 100.0 Group0 -0.011459 0.000000 0.000000 0 0 0.000000 zern 0.00 -3.92 0.53 0.72 -0.19 -0.71 -0.02 -0.21 0.04 -0.22 -0.68 0.40 0.16 -0.30 -0.67 0.15 -0.04 0.05 -0.05 0.03 -0.04 0.09 0.00
R11_S21 -84750.0 -127000.0 10.0 4004 4096 silicon CCD frame 3.0 100.0 Group0 0.000630 0.000000 0.000000 0 0 0.000000 zern 0.00 -7.51 -1.64 -1.37 0.27 -0.00 0.53 0.40 0.18 0.35 -0.67 0.07 0.06 -0.22 -0.66 -0.01 0.21 0.19 0.01 -0.05 0.31 0.25 0.00
R11_S22 -84750.0 -84750.0 10.0 4004 4096 silicon CCD frame 3.0 100.0 Group0 0.004183 0.000000 0.000000 0 0 0.000000 zern 0.00 -1.45 1.58 1.08 -0.24 -0.39 0.25 -0.20 -0.36 -0.47 0.11 -0.51 -0.02 -0.04 0.52 0.24 -0.05 0.02 -0.03 0.03 -0.07 0.03 0.00
R12_S00 -169250.0 -42250.0 10.0 4004 4096 silicon CCD frame 3.0 100.0 Group0 0.008709 0.000000 0.000000 0 0 0.000000 zern 0.00 8.13 -1.55 1.61 -0.08 0.02 0.28 -0.59 1.02 0.83 -0.07 0.00 0.11 0.02 0.82 -0.38 0.11 -0.29 0.06 0.09 0.11 -0.38 0.00
R12_S01 -169250.0 0.0 10.0 4004 4096 silicon CCD frame 3.0 100.0 Group0 -0.015928 0.000000 0.000000 0 0 0.000000 zern 0.00 3.24 -1.20 -1.34 0.27 -0.62 0.80 0.11 0.60 0.96 0.08 0.13 0.04 0.09 -0.23 -0.15 0.02 0.02 0.10 0.03 -0.00 0.08 0.00
R12_S02 -169250.0 42250.0 10.0 4004 4096 silicon CCD frame 3.0 100.0 Group0 0.002750 0.000000 0.000000 0 0 0.000000 zern 0.00 7.05 0.60 -4.30 0.75 -0.88 0.08 0.96 0.11 0.77 -0.84 -0.20 0.03 -0.26 0.41 0.45 -0.05 0.14 -0.14 0.30 -0.05 0.33 0.00
R12_S10 -127000.0 -42250.0 10.0 4004 4096 silicon CCD frame 3.0 100.0 Group0 0.010542 0.000000 0.000000 0 0 0.000000 zern 0.00 6.89 -2.26 -0.57 0.12 0.21 0.49 0.03 1.00 0.52 0.80 0.09 0.43 0.34 1.42 -0.66 0.37 -0.18 0.03 0.15 0.50 -0.23 0.00
R12_S11 -127000.0 0.0 10.0 4004 4096 silicon CCD frame 3.0 100.0 Group0 -0.000000 0.000000 0.000000 0 0 0.000000 zern 0.00 8.37 -0.61 -1.74 0.35 0.86 0.29 0.79 -0.03 -0.57 -0.41 0.12 -0.18 0.17 -0.72 -0.29 0.13 0.18 0.02 -0.06 0.19 0.24 0.00
R12_S12 -127000.0 42250.0 10.0 4004 4096 silicon CCD frame 3.0 100.0 Group0 0.007162 0.000000 0.000000 0 0 0.000000 zern 0.00 5.94 -1.53 1.20 0.03 0.78 0.00 0.01 0.32 0.47 0.11 0.03 0.12 0.14 -0.24 -0.47 0.06 -0.13 0.03 0.01 0.10 -0.18 0.00
R12_S20 -84750.0 -42250.0 10.0 4004 4096 silicon CCD frame 3.0 100.0 Group0 0.015012 0.000000 0.000000 0 0 0.000000 zern 0.00 5.59 0.56 2.34 -0.11 -0.16 0.59 -0.95 -0.26 -0.29 0.28 -0.12 0.27 -0.35 -1.30 -0.52 0.16 -0.19 0.11 -0.07 0.23 -0.27 0.00
R12_S21 -84750.0 0.0 10.0 4004 4096 silicon CCD frame 3.0 100.0 Group0 -0.009969 0.000000 0.000000 0 0 0.000000 zern 0.00 6.78 1.71 -1.90 0.02 0.84 -0.49 0.92 -1.00 -0.86 -0.17 -0.14 0.19 0.12 -0.02 0.28 -0.26 0.37 -0.05 -0.15 -0.34 0.49 0.00
R12_S22 -84750.0 42250.0 10.0 4004 4096 silicon CCD frame 3.0 100.0 Group0 0.011344 0.000000 0.000000 0 0 0.000000 zern 0.00 4.58 0.86 1.78 -0.17 -0.07 0.28 -0.81 -0.02 0.20 0.61 -0.27 0.17 0.35 -0.47 -0.72 0.17 -0.30 0.08 0.09 0.24 -0.37 0.00
R13_S00 -169250.0 84750.0 10.0 4004 4096 silicon CCD frame 3.0 100.0 Group0 -0.015413 0.000000 0.000000 0 0 0.000000 zern 0.00 0.71 -1.14 1.76 -0.05 0.27 0.61 -0.40 0.60 -0.37 -0.18 -0.31 -0.05 0.17 0.53 -0.03 0.08 -0.21 0.05 0.07 0.08 -0.28 0.00
R13_S01 -169250.0 127000.0 10.0 4004 4096 silicon CCD frame 3.0 100.0 Group0 -0.006360 0.000000 0.000000 0 0 0.000000 zern 0.00 -0.12 0.37 -0.38 -0.01 0.22 -0.84 0.02 0.20 0.92 -1.16 0.57 0.11 -0.03 -0.41 -0.64 -0.02 -0.15 -0.18 0.17 0.04 -0.16 0.00
R13_S02 -169250.0 169250.0 10.0 4004 4096 silicon CCD frame 3.0 100.0 Group0 -0.020225 0.000000 0.000000 0 0 0.000000 zern 0.00 -4.84 2.65 -4.04 0.07 0.29 -0.07 0.93 -1.01 0.41 -0.39 0.03 -0.13 0.03 -0.90 0.44 -0.14 0.33 0.00 -0.10 -0.19 0.46 0.00
R13_S10 -127000.0 84750.0 10.0 4004 4096 silicon CCD frame 3.0 100.0 Group0 -0.018564 0.000000 0.000000 0 0 0.000000 zern 0.00 3.71 0.99 0.39 0.00 0.15 -0.87 0.07 -0.20 -0.28 0.25 -0.53 -0.17 -0.23 -0.27 -0.19 0.12 -0.14 -0.03 -0.06 0.19 -0.23 0.00
R13_S11 -127000.0 127000.0 10.0 4004 4096 silicon CCD frame 3.0 100.0 Group0 -0.008480 0.000000 0.000000 0 0 0.000000 zern 0.00 -2.23 0.83 -1.50 0.24 0.23 -0.45 0.99 0.11 0.52 0.22 -0.31 -0.52 -0.14 -0.19 0.12 -0.07 0.10 -0.06 0.04 -0.08 0.18 0.00
R13_S12 -127000.0 169250.0 10.0 4004 4096 silicon CCD frame 3.0 100.0 Group0 -0.004354 0.000000 0.000000 0 0 0.000000 zern 0.00 -5.42 4.44 1.09 -0.56 -0.70 0.80 0.01 -0.89 0.11 0.06 -0.11 0.40 -0.47 1.16 0.44 -0.42 0.07 -0.07 0.05 -0.61 0.10 0.00
R13_S20 -84750.0 84750.0 10.0 4004 4096 silicon CCD frame 3.0 100.0 Group0 -0.005329 0.000000 0.000000 0 0 0.000000 zern 0.00 -1.88 -1.48 3.19 -0.24 0.05 -0.39 -1.00 -0.08 -0.82 0.59 -0.13 -0.13 -0.03 -0.89 -0.47 0.19 -0.29 0.21 -0.10 0.23 -0.43 0.00
R13_S21 -84750.0 127000.0 10.0 4004 4096 silicon CCD frame 3.0 100.0 Group0 -0.000287 0.000000 0.000000 0 0 0.000000 zern 0.00 2.21 0.12 0.96 -0.22 -0.15 0.82 -0.60 0.01 0.57 0.38 0.32 0.08 0.19 -0.16 0.37 -0.18 -0.12 0.00 0.03 -0.26 -0.16 0.00
R13_S22 -84750.0 169250.0 10.0 4004 4096 silicon CCD frame 3.0 100.0 Group0 0.002521 0.000000 0.000000 0 0 0.000000 zern 0.00 -1.94 1.75 2.71 -0.36 0.28 0.50 -0.99 -0.99 0.09 0.02 0.36 -0.20 -0.09 0.15 0.31 -0.33 -0.40 -0.07 0.14 -0.44 -0.51 0.00
R14_S00 -169250.0 211750.0 10.0 4004 4096 silicon CCD frame 3.0 100.0 Group0 0.009969 0.000000 0.000000 0 0 0.000000 zern 0.00 11.21 -0.79 1.74 -0.07 -0.30 0.74 -0.55 0.40 0.62 0.40 -0.23 0.26 -0.02 -0.02 -0.12 -0.08 -0.16 -0.07 0.05 -0.09 -0.22 0.00
R14_S01 -169250.0 254000.0 10.0 4004 4096 silicon CCD frame 3.0 100.0 Group0 0.022632 0.000000 0.000000 0 0 0.000000 zern 0.00 3.81 -0.88 -0.74 0.20 -0.12 0.58 0.00 -0.03 0.03 0.32 -0.31 0.12 0.24 -0.26 0.06 -0.08 -0.19 -0.01 -0.02 -0.08 -0.27 0.00
R14_S02 -169250.0 296250.0 10.0 4004 4096 silicon CCD frame 3.0 100.0 Group0 0.006016 0.000000 0.000000 0 0 0.000000 zern 0.00 7.54 -1.22 1.53 0.02 0.76 0.41 -0.60 0.50 0.27 -0.02 -0.27 0.50 0.38 -0.44 -0.33 0.06 -0.21 0.18 0.01 0.04 -0.28 0.00
R14_S10 -127000.0 211750.0 10.0 4004 4096 silicon CCD frame 3.0 100.0 Group0 0.022861 0.000000 0.000000 0 0 0.000000 zern 0.00 12.19 -0.06 -3.23 0.19 0.82 0.31 0.94 0.01 -0.30 0.32 0.11 -0.06 0.49 0.27 -0.13 -0.05 0.34 -0.05 -0.06 -0.08 0.46 0.00
R14_S11 -127000.0 254000.0 10.0 4004 4096 silicon CCD frame 3.0 100.0 Group0 -0.000115 0.000000 0.000000 0 0 0.000000 zern 0.00 4.37 -1.10 -1.52 0.18 -0.05 0.07 0.34 0.60 0.55 -0.05 0.55 -0.17 0.32 -0.16 0.01 0.03 -0.01 0.01 0.14 0.03 0.07 0.00
R14_S12 -127000.0 296250.0 10.0 4004 4096 silicon CCD frame 3.0 100.0 Group0 0.006016 0.000000 0.000000 0 0 0.000000 zern 0.00 8.13 0.82 1.12 -0.15 0.27 -0.10 -0.25 -0.06 0.52 -0.13 -0.00 -0.05 0.45 -0.21 -0.57 0.09 -0.16 0.12 -0.00 0.12 -0.19 0.00
R14_S20 -84750.0 211750.0 10.0 4004 4096 silicon CCD frame 3.0 100.0 Group0 0.024236 0.000000 0.000000 0 0 0.000000 zern 0.00 8.43 1.66 0.89 -0.35 -0.12 -1.20 -0.00 -0.99 -0.81 0.23 -0.35 -0.47 0.17 0.09 0.03 -0.24 -0.05 0.00 -0.13 -0.33 -0.12 0.00
R14_S21 -84750.0 254000.0 10.0 4004 4096 silicon CCD frame 3.0 100.0 Group0 0.020856 0.000000 0.000000 0 0 0.000000 zern 0.00 6.88 0.37 -1.32 0.24 0.24 0.19 0.60 -0.03 -0.56 -0.30 0.22 -0.13 0.06 -0.72 -0.47 -0.02 0.01 -0.01 -0.03 0.01 0.02 0.00
R14_S22 -84750.0 296250.0 10.0 4004 4096 silicon CCD frame 3.0 100.0 Group0 0.000516 0.000000 0.000000 0 0 0.000000 zern 0.00 0.96 -2.86 -1.35 0.50 0.10 0.05 0.99 0.95 0.17 0.15 0.14 0.09 -0.19 -0.56 0.09 0.41 0.16 0.09 -0.05 0.56 0.22 0.00
R20_S00 -42260.0 -296260.0 10.0 4000 4072 silicon CCD frame 3.0 100.0 Group0 0.010256 0.000000 0.000000 0 0 0.000000 zern 0.00 -3.55 -1.08 4.76 -0.75 -0.50 -0.51 -0.88 -0.00 -0.63 -0.07 -0.11 -0.24 -0.35 0.80 0.16 0.16 -0.23 0.01 -0.16 0.23 -0.43 0.00
R20_S01 -42260.0 -254010.0 10.0 4000 4072 silicon CCD frame 3.0 100.0 Group0 0.021085 0.000000 0.000000 0 0 0.000000 zern 0.00 -4.12 -0.43 -2.08 0.26 1.49 -0.25 0.77 -0.06 -0.24 -0.34 0.46 0.16 0.38 -0.04 -0.40 0.06 0.34 0.09 -0.14 0.07 0.43 0.00
R20_S02 -42260.0 -211760.0 10.0 4000 4072 silicon CCD frame 3.0 100.0 Group0 0.006073 0.000000 0.000000 0 0 0.000000 zern 0.00 -5.98 -2.56 -1.25 0.25 0.61 0.34 0.19 0.98 0.23 0.19 0.38 -0.02 0.10 -0.52 -0.18 0.18 -0.05 -0.07 0.16 0.29 0.00 0.00
R20_S10 -10.0 -296260.0 10.0 4000 4072 silicon CCD frame 3.0 100.0 Group0 0.005844 0.000000 0.000000 0 0 0.000000 zern 0.00 -2.35 -1.90 -1.51 0.37 -0.61 0.61 1.04 1.00 0.89 -0.40 -0.14 0.15 -0.18 -0.04 0.01 0.22 0.10 -0.18 0.18 0.37 0.17 0.00
R20_S11 -10.0 -254010.0 10.0 4000 4072 silicon CCD frame 3.0 100.0 Group0 -0.000115 0.000000 0.000000 0 0 0.000000 zern 0.00 -0.95 1.95 1.11 -0.40 -0.51 -0.43 0.09 -0.98 -0.40 -1.46 0.36 -0.03 -0.57 0.25 -0.41 -0.37 -0.06 -0.26 0.06 -0.41 -0.07 0.00
R20_S12 -10.0 -211760.0 10.0 4000 4072 silicon CCD frame 3.0 100.0 Group0 0.011402 0.000000 0.000000 0 0 0.000000 zern 0.00 -6.48 1.93 0.58 -0.17 1.33 -0.07 -0.24 -1.03 -0.82 -0.66 0.28 -0.19 0.36 -0.75 0.34 -0.17 0.10 0.02 -0.11 -0.23 0.11 0.00
R20_S20 42240.0 -296260.0 10.0 4000 4072 silicon CCD frame 3.0 100.0 Group0 0.002808 0.000000 0.000000 0 0 0.000000 zern 0.00 0.01 1.05 -1.66 -0.01 -0.36 0.50 0.00 0.09 -0.41 0.20 0.34 -0.14 -0.44 0.42 -0.21 0.02 0.17 -0.02 0.02 0.00 0.23 0.00
R20_S21 42240.0 -254010.0 10.0 4000 4072 silicon CCD frame 3.0 100.0 Group0 0.013808 0.000000 0.000000 0 0 0.000000 zern 0.00 -5.62 -0.27 -5.15 0.20 0.37 0.38 1.30 0.01 1.33 0.14 0.49 -0.07 -0.11 0.09 0.32 0.06 0.21 0.12 0.33 -0.01 0.45 0.00
R20_S22 42240.0 -211760.0 10.0 4000 4072 silicon CCD frame 3.0 100.0 Group0 -0.001089 0.000000 0.000000 0 0 0.000000 zern 0.00 -9.86 -0.69 -0.20 0.08 0.29 -0.18 -0.14 0.00 -0.26 0.43 0.12 -0.20 0.00 -0.76 -0.10 -0.03 0.05 0.05 0.02 -0.06 0.12 0.00
R21_S00 -42250.0 -169250.0 10.0 4004 4096 silicon CCD frame 3.0 100.0 Group0 0.010600 0.000000 0.000000 0 0 0.000000 zern 0.00 -8.22 3.97 -1.69 0.01 -0.19 0.27 0.53 -0.98 -0.83 0.73 0.05 0.12 0.26 -0.44 0.22 -0.12 0.26 0.15 -0.15 -0.23 0.34 0.00
R21_S01 -42250.0 -127000.0 10.0 4004 4096 silicon CCD frame 3.0 100.0 Group0 0.003667 0.000000 0.000000 0 0 0.000000 zern 0.00 -6.68 2.17 2.79 -0.89 -0.41 0.03 -0.92 -1.00 -0.27 -0.55 0.18 0.15 -0.34 0.55 0.14 -0.41 -0.34 -0.13 0.06 -0.51 -0.46 0.00
R21_S02 -42250.0 -84750.0 10.0 4004 4096 silicon CCD frame 3.0 100.0 Group0 0.015756 0.000000 0.000000 0 0 0.000000 zern 0.00 -7.27 -1.24 0.83 -0.17 0.58 0.47 0.00 0.20 0.85 -0.26 0.50 0.11 -0.03 -0.78 -0.33 0.01 0.01 -0.02 0.12 0.03 0.06 0.00
R21_S10 0.0 -169250.0 10.0 4004 4096 silicon CCD frame 3.0 100.0 Group0 -0.005558 0.000000 0.000000 0 0 0.000000 zern 0.00 -5.23 6.04 -1.23 -0.50 -1.53 0.46 0.17 -0.71 1.13 0.23 0.39 0.27 -0.49 -0.91 0.57 -0.04 -0.02 0.19 0.30 -0.15 0.13 0.00
R21_S11 0.0 -127000.0 10.0 4004 4096 silicon CCD frame 3.0 100.0 Group0 -0.000859 0.000000 0.000000 0 0 0.000000 zern 0.00 -3.37 -0.97 -1.58 0.19 -0.16 -0.34 0.37 0.40 -0.04 0.14 -0.28 -0.04 0.28 0.89 0.07 0.10 0.26 0.07 -0.10 0.09 0.32 0.00
R21_S12 0.0 -84750.0 10.0 4004 4096 silicon CCD frame 3.0 100.0 Group0 -0.000057 0.000000 0.000000 0 0 0.000000 zern 0.00 -10.01 1.68 0.73 -0.24 -0.75 0.26 -0.20 -0.52 0.22 -0.28 -0.14 -0.26 -0.40 -0.19 -0.48 -0.14 0.04 0.08 -0.09 -0.23 0.03 0.00
R21_S20 42250.0 -169250.0 10.0 4004 4096 silicon CCD frame 3.0 100.0 Group0 0.002120 0.000000 0.000000 0 0 0.000000 zern 0.00 0.23 0.61 0.40 -0.36 -0.05 -0.25 0.00 -0.05 0.25 -0.23 0.21 0.10 0.19 -0.52 0.38 -0.13 -0.19 -0.01 0.00 -0.15 -0.26 0.00
R21_S21 42250.0 -127000.0 10.0 4004 4096 silicon CCD frame 3.0 100.0 Group0 -0.000344 0.000000 0.000000 0 0 0.000000 zern 0.00 -2.04 -0.66 1.76 -0.09 -0.75 0.28 -0.75 0.81 1.30 0.28 -0.11 0.06 -0.56 0.62 -0.36 -0.02 -0.19 -0.00 0.21 -0.08 -0.20 0.00
R21_S22 42250.0 -84750.0 10.0 4004 4096 silicon CCD frame 3.0 100.0 Group0 0.019309 0.000000 0.000000 0 0 0.000000 zern 0.00 -0.46 1.87 -1.49 0.04 -0.02 -0.32 0.99 -0.99 0.52 -0.26 -0.09 -0.42 -0.21 -0.20 0.65 -0.14 0.20 -0.10 -0.03 -0.15 0.30 0.00
R22_S00 -42250.0 -42250.0 10.0 4004 4096 silicon CCD frame 3.0 100.0 Group0 -0.001891 0.000000 0.000000 0 0 0.000000 zern 0.00 -4.08 -2.89 -1.10 0.45 -0.19 0.07 0.21 0.99 0.01 -0.36 -0.21 -0.12 -0.02 -0.33 -0.15 0.18 0.07 0.01 -0.03 0.26 0.08 0.00
R22_S01 -42250.0 0.0 10.0 4004 4096 silicon CCD frame 3.0 100.0 Group0 0.003552 0.000000 0.000000 0 0 0.000000 zern 0.00 -1.33 1.54 0.64 -0.13 0.16 0.06 -0.05 -0.60 -0.95 -0.31 -0.16 -0.27 0.23 -0.20 -0.24 -0.24 0.20 -0.04 -0.19 -0.32 0.23 0.00
R22_S02 -42250.0 42250.0 10.0 4004 4096 silicon CCD frame 3.0 100.0 Group0 -0.012032 0.000000 0.000000 0 0 0.000000 zern 0.00 -0.98 0.82 -1.43 0.07 0.65 -0.53 0.19 -0.84 0.22 -0.08 0.31 -0.08 0.22 -0.35 0.48 -0.04 0.09 -0.02 -0.11 -0.02 0.10 0.00
R22_S10 0.0 -42250.0 10.0 4004 4096 silicon CCD frame 3.0 100.0 Group0 -0.017074 0.000000 0.000000 0 0 0.000000 zern 0.00 -1.65 -1.41 2.73 0.03 -0.21 -0.03 -1.00 0.38 0.50 0.01 -0.15 -0.40 -0.26 -0.44 -0.36 0.23 -0.25 0.14 -0.09 0.30 -0.38 0.00
R22_S11 0.0 0.0 10.0 4004 4096 silicon CCD frame 3.0 100.0 Group0 0.005672 0.000000 0.000000 0 0 0.000000 zern 0.00 -0.86 -1.23 -1.28 0.25 -0.20 -0.52 0.40 0.59 0.12 -0.48 0.37 0.10 -0.09 0.04 -0.35 0.07 0.11 -0.21 0.13 0.20 0.20 0.00
R22_S12 0.0 42250.0 10.0 4004 4096 silicon CCD frame 3.0 100.0 Group0 -0.000000 0.000000 0.000000 0 0 0.000000 zern 0.00 -0.01 0.80 -0.65 0.12 -0.48 -0.24 -0.01 -0.02 -0.60 -0.43 0.01 0.06 -0.27 -1.50 -0.10 0.10 0.21 0.10 -0.18 0.13 0.25 0.00
R22_S20 42250.0 -42250.0 10.0 4004 4096 silicon CCD frame 3.0 100.0 Group0 0.010084 0.000000 0.000000 0 0 0.000000 zern 0.00 -1.64 -1.63 -1.91 0.47 0.04 0.17 0.58 0.99 0.19 0.38 0.46 0.20 -0.13 -0.57 -0.26 0.23 0.26 0.01 0.06 0.32 0.41 0.00
R22_S21 42250.0 0.0 10.0 4004 4096 silicon CCD frame 3.0 100.0 Group0 0.001833 0.000000 0.000000 0 0 0.000000 zern 0.00 -1.83 -0.31 2.71 -0.22 -0.60 -0.05 -0.97 -0.01 0.79 0.06 0.13 -0.16 -0.28 -0.65 0.20 0.12 -0.33 0.03 -0.01 0.18 -0.47 0.00
R22_S22 42250.0 42250.0 10.0 4004 4096 silicon CCD frame 3.0 100.0 Group0 -0.014439 0.000000 0.000000 0 0 0.000000 zern 0.00 -3.05 1.88 -1.94 0.06 0.14 -0.62 0.73 -0.58 -0.54 -0.40 -0.27 -0.65 0.04 0.08 -0.01 -0.30 0.37 0.09 -0.11 -0.46 0.52 0.00
R23_S00 -42250.0 84750.0 10.0 4004 4096 silicon CCD frame 3.0 100.0 Group0 0.018507 0.000000 0.000000 0 0 0.000000 zern 0.00 -8.92 3.21 1.07 -0.33 0.14 0.77 -0.02 -1.05 0.23 0.73 0.06 0.32 0.21 -0.79 -0.03 -0.23 -0.06 0.10 -0.04 -0.31 -0.07 0.00
R23_S01 -42250.0 127000.0 10.0 4004 4096 silicon CCD frame 3.0 100.0 Group0 0.010485 0.000000 0.000000 0 0 0.000000 zern 0.00 -10.04 2.17 -1.62 0.07 -0.07 -0.14 0.17 -1.00 -0.33 -0.39 0.19 -0.23 -0.28 -1.17 -0.16 -0.11 0.20 -0.04 -0.04 -0.13 0.29 0.00
R23_S02 -42250.0 169250.0 10.0 4004 4096 silicon CCD frame 3.0 100.0 Group0 0.006933 0.000000 0.000000 0 0 0.000000 zern 0.00 -13.92 0.69 0.87 -0.21 -0.49 0.24 -0.01 0.16 0.71 -0.61 -0.10 -0.21 -0.43 0.50 0.06 -0.13 0.11 -0.06 0.05 -0.19 0.19 0.00
R23_S10 0.0 84750.0 10.0 4004 4096 silicon CCD frame 3.0 100.0 Group0 0.020111 0.000000 0.000000 0 0 0.000000 zern 0.00 0.14 2.36 -2.72 -0.06 -0.59 -0.11 1.00 -0.91 0.30 -0.28 -0.18 -0.03 -0.17 0.15 0.65 -0.33 0.13 0.01 0.29 -0.53 0.30 0.00
R23_S11 0.0 127000.0 10.0 4004 4096 silicon CCD frame 3.0 100.0 Group0 0.017418 0.000000 0.000000 0 0 0.000000 zern 0.00 -4.34 -0.58 -0.79 0.19 -0.15 -0.28 -0.02 -0.00 0.80 -0.14 0.05 -0.06 0.17 -0.63 -0.30 -0.16 -0.10 -0.01 0.03 -0.20 -0.10 0.00
R23_S12 0.0 169250.0 10.0 4004 4096 silicon CCD frame 3.0 100.0 Group0 0.020111 0.000000 0.000000 0 0 0.000000 zern 0.00 -7.55 1.98 1.94 -0.28 -0.33 -0.58 -0.79 -0.53 1.01 0.21 -0.52 -0.06 -0.28 -0.15 0.19 -0.33 -0.36 -0.09 0.17 -0.45 -0.44 0.00
R23_S20 42250.0 84750.0 10.0 4004 4096 silicon CCD frame 3.0 100.0 Group0 0.009225 0.000000 0.000000 0 0 0.000000 zern 0.00 4.55 -1.42 -2.94 0.41 0.38 0.34 0.99 0.60 0.46 -0.00 -0.04 -0.29 -0.27 0.47 -0.59 0.27 0.11 0.09 0.02 0.33 0.18 0.00
R23_S21 42250.0 127000.0 10.0 4004 4096 silicon CCD frame 3.0 100.0 Group0 0.017361 0.000000 0.000000 0 0 0.000000 zern 0.00 5.71 1.18 0.70 -0.05 -0.14 0.10 0.00 -0.42 -0.22 -0.38 -0.23 0.16 -0.13 -0.80 0.31 -0.14 -0.13 0.07 -0.13 -0.19 -0.21 0.00
R23_S22 42250.0 169250.0 10.0 4004 4096 silicon CCD frame 3.0 100.0 Group0 -0.000802 0.000000 0.000000 0 0 0.000000 zern 0.00 0.67 4.93 -1.48 -0.19 -0.63 -0.26 0.76 -0.93 0.41 0.87 -0.47 -0.19 -0.31 0.57 0.92 -0.30 0.24 0.16 -0.01 -0.52 0.38 0.00
R24_S00 -42250.0 211750.0 10.0 4004 4096 silicon CCD frame 3.0 100.0 Group0 -0.021830 0.000000 0.000000 0 0 0.000000 zern 0.00 0.57 -1.00 -2.03 0.23 0.89 -1.05 0.70 0.40 0.10 -0.72 0.07 -0.38 0.28 0.29 0.19 -0.02 0.26 -0.03 -0.09 -0.03 0.36 0.00
R24_S01 -42250.0 254000.0 10.0 4004 4096 silicon CCD frame 3.0 100.0 Group0 -0.000115 0.000000 0.000000 0 0 0.000000 zern 0.00 8.54 0.02 -0.85 0.01 -0.45 -0.29 -0.00 -0.00 0.38 -0.87 -0.01 0.01 0.01 -0.17 -0.33 -0.14 -0.13 -0.03 0.02 -0.16 -0.17 0.00
R24_S02 -42250.0 296250.0 10.0 4004 4096 silicon CCD frame 3.0 100.0 Group0 0.002979 0.000000 0.000000 0 0 0.000000 zern 0.00 -0.34 -2.57 2.35 -0.03 -0.40 0.31 -0.84 1.00 -0.26 -0.45 -0.21 0.31 -0.42 -0.06 -0.51 0.11 -0.13 -0.04 0.05 0.17 -0.20 0.00
R24_S10 0.0 211750.0 10.0 4004 4096 silicon CCD frame 3.0 100.0 Group0 0.001203 0.000000 0.000000 0 0 0.000000 zern 0.00 3.03 -1.25 -0.98 -0.09 0.56 0.02 0.00 -0.06 -0.15 -0.91 0.41 0.07 0.27 0.37 0.37 -0.03 0.05 -0.08 -0.12 0.01 0.02 0.00
R24_S11 0.0 254000.0 10.0 4004 4096 silicon CCD frame 3.0 100.0 Group0 -0.002636 0.000000 0.000000 0 0 0.000000 zern 0.00 1.69 -1.97 -1.67 0.26 0.35 0.56 0.59 0.95 0.48 -0.27 0.54 0.04 0.17 -0.37 -0.38 0.28 0.15 -0.01 -0.01 0.40 0.20 0.00
R24_S12 0.0 296250.0 10.0 4004 4096 silicon CCD frame 3.0 100.0 Group0 0.005157 0.000000 0.000000 0 0 0.000000 zern 0.00 -3.19 1.77 -1.62 0.02 0.33 -0.87 0.06 -0.59 0.44 0.12 -0.09 -0.19 0.45 -0.01 0.32 -0.33 0.21 -0.03 -0.06 -0.45 0.32 0.00
R24_S20 42250.0 211750.0 10.0 4004 4096 silicon CCD frame 3.0 100.0 Group0 -0.019194 0.000000 0.000000 0 0 0.000000 zern 0.00 0.24 -1.35 1.96 0.00 -0.51 0.23 -0.96 0.80 0.85 -0.45 -0.30 0.16 -0.35 -0.42 0.14 0.25 -0.28 0.01 0.08 0.34 -0.37 0.00
R24_S21 42250.0 254000.0 10.0 4004 4096 silicon CCD frame 3.0 100.0 Group0 0.007105 0.000000 0.000000 0 0 0.000000 zern 0.00 -4.01 -3.64 -0.31 0.19 1.29 -0.82 -0.06 0.96 -0.95 0.27 0.14 -0.34 0.39 0.56 -0.43 0.41 0.07 0.06 -0.08 0.54 0.05 0.00
R24_S22 42250.0 296250.0 10.0 4004 4096 silicon CCD frame 3.0 100.0 Group0 -0.014610 0.000000 0.000000 0 0 0.000000 zern 0.00 -1.64 -0.47 1.64 -0.05 -0.69 0.47 -0.60 0.23 0.21 0.63 -0.13 0.10 -0.05 -0.05 -0.32 -0.12 -0.17 0.16 0.05 -0.25 -0.21 0.00
R30_S00 84750.0 -296250.0 10.0 4004 4096 silicon CCD frame 3.0 100.0 Group0 0.013464 0.000000 0.000000 0 0 0.000000 zern 0.00 12.18 1.16 1.42 -0.25 -0.15 0.15 0.02 -0.63 0.14 -0.38 -0.16 0.04 0.41 0.12 0.03 -0.10 -0.11 -0.03 -0.05 -0.11 -0.19 0.00
R30_S01 84750.0 -254000.0 10.0 4004 4096 silicon CCD frame 3.0 100.0 Group0 0.009053 0.000000 0.000000 0 0 0.000000 zern 0.00 2.60 -1.16 0.93 -0.01 -0.32 -0.63 0.07 -0.00 0.64 -0.53 0.30 0.22 -0.39 -0.30 0.24 0.16 -0.09 0.00 0.02 0.23 -0.15 0.00
R30_S02 84750.0 -211750.0 10.0 4004 4096 silicon CCD frame 3.0 100.0 Group0 -0.004354 0.000000 0.000000 0 0 0.000000 zern 0.00 4.95 -1.48 -1.88 0.25 0.30 0.83 0.51 0.60 0.29 1.18 -0.03 -0.13 0.42 0.77 -0.55 0.28 0.18 0.24 -0.09 0.29 0.23 0.00
R30_S10 127000.0 -296250.0 10.0 4004 4096 silicon CCD frame 3.0 100.0 Group0 0.012490 0.000000 0.000000 0 0 0.000000 zern 0.00 12.53 0.30 -0.96 -0.15 0.05 -0.44 0.41 0.02 -0.24 -0.76 -0.06 -0.27 0.24 0.42 0.29 -0.10 -0.08 -0.13 0.03 -0.12 -0.13 0.00
R30_S11 127000.0 -254000.0 10.0 4004 4096 silicon CCD frame 3.0 100.0 Group0 -0.000229 0.000000 0.000000 0 0 0.000000 zern 0.00 0.44 -1.12 1.76 -0.07 -1.00 0.48 0.08 0.41 0.20 -0.19 -0.43 0.01 -0.21 0.61 0.07 0.03 -0.18 -0.05 0.11 0.06 -0.23 0.00
R30_S12 127000.0 -211750.0 10.0 4004 4096 silicon CCD frame 3.0 100.0 Group0 0.007735 0.000000 0.000000 0 0 0.000000 zern 0.00 9.03 1.14 -2.97 0.20 -0.35 -0.68 0.96 -0.14 0.10 0.16 -0.08 -0.24 -0.06 0.23 -0.14 -0.04 0.42 -0.01 -0.07 -0.07 0.59 0.00
R30_S20 169250.0 -296250.0 10.0 4004 4096 silicon CCD frame 3.0 100.0 Group0 -0.000458 0.000000 0.000000 0 0 0.000000 zern 0.00 5.64 1.47 1.34 -0.38 -0.60 -0.20 -0.60 -0.53 0.45 -0.32 0.07 -0.11 -0.51 -0.13 0.70 -0.28 -0.08 -0.13 0.14 -0.34 -0.03 0.00
R30_S21 169250.0 -254000.0 10.0 4004 4096 silicon CCD frame 3.0 100.0 Group0 0.017819 0.000000 0.000000 0 0 0.000000 zern 0.00 9.01 -0.58 -3.44 0.38 -0.07 -0.65 0.99 0.51 0.28 -0.21 -0.16 -0.16 -0.20 0.77 0.63 -0.04 0.42 -0.17 0.25 -0.05 0.68 0.00
R30_S22 169250.0 -211750.0 10.0 4004 4096 silicon CCD frame 3.0 100.0 Group0 0.021142 0.000000 0.000000 0 0 0.000000 zern 0.00 2.67 -3.18 -0.02 0.39 -0.20 -0.06 0.02 0.96 -0.33 -0.32 -0.01 0.33 -0.01 -0.78 0.14 0.22 -0.04 0.01 0.01 0.34 -0.04 0.00
R31_S00 84750.0 -169250.0 10.0 4004 4096 silicon CCD frame 3.0 100.0 Group0 -0.028533 0.000000 0.000000 0 0 0.000000 zern 0.00 -2.40 2.09 -0.82 -0.23 -1.14 -0.07 0.01 -0.92 1.00 -0.49 0.01 -0.41 -0.43 0.04 0.08 -0.15 -0.18 -0.08 0.12 -0.19 -0.21 0.00
R31_S01 84750.0 -127000.0 10.0 4004 4096 silicon CCD frame 3.0 100.0 Group0 -0.004469 0.000000 0.000000 0 0 0.000000 zern 0.00 2.16 1.45 -1.48 -0.03 -0.12 -0.96 0.40 -0.54 -0.67 0.42 0.02 -0.50 -0.04 0.09 -0.19 -0.07 0.21 -0.03 -0.03 -0.12 0.27 0.00
R31_S02 84750.0 -84750.0 10.0 4004 4096 silicon CCD frame 3.0 100.0 Group0 -0.015928 0.000000 0.000000 0 0 0.000000 zern 0.00 -0.43 0.04 -1.24 0.16 -1.14 -0.36 0.82 0.26 0.04 -0.46 -0.15 0.07 -0.31 0.84 -0.52 -0.09 0.06 -0.11 0.11 -0.09 0.11 0.00
R31_S10 127000.0 -169250.0 10.0 4004 4096 silicon CCD frame 3.0 100.0 Group0 -0.025668 0.000000 0.000000 0 0 0.000000 zern 0.00 -8.25 -0.80 0.85 -0.03 -0.20 -0.05 0.00 -0.02 -0.26 1.20 -0.41 0.11 0.22 1.04 -0.27 0.09 0.12 0.18 -0.13 0.05 0.10 0.00
R31_S11 127000.0 -127000.0 10.0 4004 4096 silicon CCD frame 3.0 100.0 Group0 -0.011803 0.000000 0.000000 0 0 0.000000 zern 0.00 -2.11 -3.48 1.81 0.19 0.10 -0.25 0.10 0.99 0.15 -0.49 -0.11 0.36 -0.19 0.17 -0.62 0.26 -0.12 0.02 0.05 0.35 -0.18 0.00
R31_S12 127000.0 -84750.0 10.0 4004 4096 silicon CCD frame 3.0 100.0 Group0 -0.029393 0.000000 0.000000 0 0 0.000000 zern 0.00 0.41 1.64 0.44 -0.21 -0.21 -0.60 -0.00 -0.95 0.10 0.27 -0.47 -0.43 -0.31 0.70 0.54 -0.15 0.17 0.05 -0.13 -0.26 0.18 0.00
R31_S20 169250.0 -169250.0 10.0 4004 4096 silicon CCD frame 3.0 100.0 Group0 0.000057 0.000000 0.000000 0 0 0.000000 zern 0.00 -1.75 3.10 0.39 -0.23 -0.70 -0.11 -0.00 -0.98 -0.69 0.28 -0.58 0.20 -0.22 -0.30 -0.44 -0.21 0.11 0.01 -0.12 -0.29 0.11 0.00
R31_S21 169250.0 -127000.0 10.0 4004 4096 silicon CCD frame 3.0 100.0 Group0 -0.027101 0.000000 0.000000 0 0 0.000000 zern 0.00 -3.22 -1.68 -0.15 0.00 0.14 -0.66 -0.18 -0.03 -0.11 0.55 0.41 0.19 -0.19 -0.45 0.01 0.18 0.03 -0.01 -0.02 0.27 0.02 0.00
R31_S22 169250.0 -84750.0 10.0 4004 4096 silicon CCD frame 3.0 100.0 Group0 -0.003094 0.000000 0.000000 0 0 0.000000 zern 0.00 -1.87 0.59 2.95 -0.41 -0.41 -0.35 -0.98 -0.42 0.07 -0.50 0.29 -0.31 -0.11 -0.47 0.35 0.05 -0.18 0.01 0.04 0.06 -0.26 0.00
R32_S00 84750.0 -42250.0 10.0 4004 4096 silicon CCD frame 3.0 100.0 Group0 0.002120 0.000000 0.000000 0 0 0.000000 zern 0.00 0.71 1.56 -0.17 -0.18 0.39 -0.47 -0.02 -1.00 0.34 0.04 0.13 -0.43 0.11 -0.41 -0.49 -0.30 -0.10 -0.05 0.01 -0.38 -0.12 0.00
R32_S01 84750.0 0.0 10.0 4004 4096 silicon CCD frame 3.0 100.0 Group0 0.004927 0.000000 0.000000 0 0 0.000000 zern 0.00 -4.82 3.16 -2.00 0.02 -0.44 -0.27 0.89 -0.89 -0.08 -0.14 -0.11 -0.32 -0.36 -0.12 0.87 -0.44 0.26 0.13 -0.02 -0.70 0.42 0.00
R32_S02 84750.0 42250.0 10.0 4004 4096 silicon CCD frame 3.0 100.0 Group0 0.003037 0.000000 0.000000 0 0 0.000000 zern 0.00 -7.90 -3.62 -0.55 0.52 0.01 -0.03 0.51 1.00 -0.76 -0.53 -0.07 -0.06 -0.24 1.34 -0.03 0.12 0.01 -0.15 -0.01 0.21 -0.05 0.00
R32_S10 127000.0 -42250.0 10.0 4004 4096 silicon CCD frame 3.0 100.0 Group0 -0.007735 0.000000 0.000000 0 0 0.000000 zern 0.00 -5.78 1.69 0.60 -0.41 0.55 -0.08 -0.16 -1.00 -0.83 -0.18 -0.23 0.14 0.16 1.06 -0.25 -0.12 -0.11 -0.05 -0.02 -0.15 -0.20 0.00
R32_S11 127000.0 0.0 10.0 4004 4096 silicon CCD frame 3.0 100.0 Group0 0.003839 0.000000 0.000000 0 0 0.000000 zern 0.00 -3.65 3.49 -4.50 -0.01 -1.50 -0.06 0.81 -0.83 1.14 -0.44 0.32 0.18 -0.44 0.69 -0.24 -0.41 0.14 -0.20 0.20 -0.53 0.30 0.00
R32_S12 127000.0 42250.0 10.0 4004 4096 silicon CCD frame 3.0 100.0 Group0 0.005271 0.000000 0.000000 0 0 0.000000 zern 0.00 -6.16 2.77 -4.18 0.01 -0.69 -0.01 0.97 -0.93 1.05 -0.08 0.43 0.20 -0.14 0.28 0.74 -0.22 0.35 -0.09 0.11 -0.30 0.56 0.00
R32_S20 169250.0 -42250.0 10.0 4004 4096 silicon CCD frame 3.0 100.0 Group0 -0.000630 0.000000 0.000000 0 0 0.000000 zern 0.00 1.98 3.21 -2.91 -0.08 0.16 -0.34 0.91 -0.95 0.45 0.23 -0.15 -0.04 -0.08 -0.77 -0.14 -0.29 0.29 0.04 0.10 -0.44 0.50 0.00
R32_S21 169250.0 0.0 10.0 4004 4096 silicon CCD frame 3.0 100.0 Group0 0.006818 0.000000 0.000000 0 0 0.000000 zern 0.00 -2.20 0.24 -0.66 0.17 1.16 -0.33 0.63 -0.03 -0.76 -0.06 -0.55 -0.01 0.30 0.27 -0.59 0.12 -0.02 -0.00 -0.03 0.17 -0.07 0.00
R32_S22 169250.0 42250.0 10.0 4004 4096 silicon CCD frame 3.0 100.0 Group0 -0.009053 0.000000 0.000000 0 0 0.000000 zern 0.00 -3.21 -1.96 -1.22 0.32 -0.76 0.37 -0.02 1.00 0.99 -0.10 0.40 0.07 -0.17 0.00 -0.10 0.28 0.02 -0.09 0.22 0.42 0.13 0.00
R33_S00 84750.0 84750.0 10.0 4004 4096 silicon CCD frame 3.0 100.0 Group0 0.019710 0.000000 0.000000 0 0 0.000000 zern 0.00 8.09 1.23 -3.82 0.20 0.07 0.60 1.00 -0.56 1.05 0.07 0.07 0.43 -0.42 0.22 0.33 -0.11 0.10 0.07 0.25 -0.21 0.27 0.00
R33_S01 84750.0 127000.0 10.0 4004 4096 silicon CCD frame 3.0 100.0 Group0 0.018048 0.000000 0.000000 0 0 0.000000 zern 0.00 13.81 0.31 1.03 -0.29 -1.26 -0.91 0.06 0.08 -0.30 -0.25 -0.11 0.06 -0.40 0.93 0.10 -0.06 0.06 -0.08 -0.01 -0.08 0.04 0.00
R33_S02 84750.0 169250.0 10.0 4004 4096 silicon CCD frame 3.0 100.0 Group0 0.026528 0.000000 0.000000 0 0 0.000000 zern 0.00 9.21 3.53 1.54 -0.53 -0.16 0.40 -0.99 -1.00 -0.51 0.37 0.27 0.06 0.05 0.43 0.24 -0.38 -0.35 0.04 0.03 -0.53 -0.47 0.00
R33_S10 127000.0 84750.0 10.0 4004 4096 silicon CCD frame 3.0 100.0 Group0 0.004813 0.000000 0.000000 0 0 0.000000 zern 0.00 4.76 -0.30 -4.20 0.48 0.32 0.60 0.92 0.00 0.79 0.61 -0.03 0.09 -0.03 -0.00 -0.25 0.16 0.35 0.10 0.04 0.16 0.53 0.00
R33_S11 127000.0 127000.0 10.0 4004 4096 silicon CCD frame 3.0 100.0 Group0 -0.000344 0.000000 0.000000 0 0 0.000000 zern 0.00 5.66 0.47 5.64 -0.55 -0.64 -0.21 -0.92 -0.05 -1.07 -0.90 -0.09 -0.07 -0.08 -0.66 -0.49 0.12 -0.40 -0.15 -0.40 0.30 -0.75 0.00
R33_S12 127000.0 169250.0 10.0 4004 4096 silicon CCD frame 3.0 100.0 Group0 0.024351 0.000000 0.000000 0 0 0.000000 zern 0.00 4.82 -5.11 0.50 0.63 0.15 -0.63 -0.00 0.82 -0.01 -1.02 0.18 -0.05 0.15 -0.30 -0.35 0.49 0.06 -0.16 -0.07 0.81 0.05 0.00
R33_S20 169250.0 84750.0 10.0 4004 4096 silicon CCD frame 3.0 100.0 Group0 0.003724 0.000000 0.000000 0 0 0.000000 zern 0.00 4.44 1.85 0.81 -0.38 0.20 -0.68 -0.04 -1.00 -0.66 -0.46 0.31 -0.24 0.16 -1.03 0.65 -0.42 0.02 -0.05 -0.18 -0.56 -0.01 0.00
R33_S21 169250.0 127000.0 10.0 4004 4096 silicon CCD frame 3.0 100.0 Group0 0.016902 0.000000 0.000000 0 0 0.000000 zern 0.00 6.09 -0.30 3.98 -0.50 -0.92 -0.26 -0.80 0.00 -0.45 -0.81 -0.04 0.00 -0.65 0.85 0.22 -0.02 -0.39 -0.14 0.07 0.02 -0.58 0.00
R33_S22 169250.0 169250.0 10.0 4004 4096 silicon CCD frame 3.0 100.0 Group0 0.000115 0.000000 0.000000 0 0 0.000000 zern 0.00 10.36 -1.27 2.14 -0.26 -0.38 0.73 -0.91 0.58 0.59 0.24 -0.27 0.55 0.02 0.59 -0.06 0.19 -0.40 0.04 0.08 0.26 -0.56 0.00
R34_S00 84750.0 211750.0 10.0 4004 4096 silicon CCD frame 3.0 100.0 Group0 -0.003209 0.000000 0.000000 0 0 0.000000 zern 0.00 2.41 0.06 -1.17 0.22 -0.31 -1.21 0.38 -0.00 -0.21 0.10 -0.36 -0.25 0.00 -0.20 0.32 -0.01 0.19 0.00 -0.19 -0.02 0.21 0.00
R34_S01 84750.0 254000.0 10.0 4004 4096 silicon CCD frame 3.0 100.0 Group0 0.004469 0.000000 0.000000 0 0 0.000000 zern 0.00 3.61 1.21 -3.55 0.23 0.53 0.51 0.96 -0.20 0.53 0.30 0.11 -0.02 0.18 -0.62 -0.38 0.00 0.40 -0.00 0.01 -0.01 0.58 0.00
R34_S02 84750.0 296250.0 10.0 4004 4096 silicon CCD frame 3.0 100.0 Group0 0.006073 0.000000 0.000000 0 0 0.000000 zern 0.00 -3.32 0.04 -1.19 0.23 -0.58 0.81 0.19 0.00 0.61 -0.78 -0.07 -0.04 -0.39 -0.42 0.19 0.05 0.17 -0.06 0.04 0.09 0.26 0.00
R34_S10 127000.0 211750.0 10.0 4004 4096 silicon CCD frame 3.0 100.0 Group0 -0.007506 0.000000 0.000000 0 0 0.000000 zern 0.00 3.38 3.44 -2.30 0.03 0.23 0.02 0.94 -0.87 0.17 0.62 -0.23 0.19 -0.22 -0.91 0.75 -0.21 0.30 0.08 -0.03 -0.34 0.45 0.00
R34_S11 127000.0 254000.0 10.0 4004 4096 silicon CCD frame 3.0 100.0 Group0 -0.006646 0.000000 0.000000 0 0 0.000000 zern 0.00 5.07 -1.88 -1.37 0.16 0.78 -0.87 0.82 0.59 0.80 -0.44 0.38 -0.13 0.07 -0.07 -0.71 0.32 0.05 -0.08 0.12 0.47 0.09 0.00
R34_S12 127000.0 296250.0 10.0 4004 4096 silicon CCD frame 3.0 100.0 Group0 0.019882 0.000000 0.000000 0 0 0.000000 zern 0.00 7.14 -0.97 2.74 -0.24 -0.05 0.40 -0.98 0.20 0.30 1.33 -0.30 0.03 0.14 0.73 -0.35 -0.00 -0.31 0.19 -0.07 -0.07 -0.47 0.00
R34_S20 169250.0 211750.0 10.0 4004 4096 silicon CCD frame 3.0 100.0 Group0 0.019538 0.000000 0.000000 0 0 0.000000 zern 0.00 1.42 1.31 1.28 -0.41 -0.20 -1.04 -0.20 -0.58 0.71 0.07 0.41 -0.23 -0.27 -0.89 -0.11 -0.22 -0.17 -0.08 0.10 -0.27 -0.20 0.00
R34_S21 169250.0 254000.0 10.0 4004 4096 silicon CCD frame 3.0 100.0 Group0 0.017590 0.000000 0.000000 0 0 0.000000 zern 0.00 7.78 0.67 -1.28 0.16 0.26 -0.01 0.13 -0.57 -1.31 -0.06 -0.03 -0.11 0.40 -0.91 -0.26 0.07 0.06 0.09 -0.27 0.13 0.01 0.00
R34_S22 169250.0 296250.0 10.0 4004 4096 silicon CCD frame 3.0 100.0 Group0 0.015756 0.000000 0.000000 0 0 0.000000 zern 0.00 7.53 0.98 2.08 -0.17 -1.09 0.14 -0.99 -0.01 0.36 0.58 -0.34 0.47 -0.14 -0.59 -0.24 0.03 -0.10 0.08 -0.09 0.05 -0.15 0.00
R40_SG0 212230.0 -258750.0 10.0 4000 4072 silicon CMOS frame 0.1 100.0 Group2 90.012665 0.000000 0.000000 0 0 0.000000 zern 0.00 -7.63 -3.58 1.56 0.03 0.71 -0.11 -0.80 0.86 0.30 -0.51 0.58 0.31 0.58 -0.70 0.20 0.22 -0.20 0.02 0.11 0.32 -0.25 0.00
R40_SW1 214260.0 -225885.0 10.0 2000 4072 silicon CCD frame 3.0 100.0 Group1 89.992668 0.000000 0.000000 0 0 0.000000 zern -1500.0 -4.02 0.54 1.11 -0.14 -0.05 -0.87 -0.40 0.02 0.46 0.31 -0.33 -0.14 0.00 -0.30 -0.19 0.16 -0.08 0.20 0.07 0.31 0.04 0.00
R40_SW0 214240.0 -202615.0 10.0 2000 4072 silicon CCD frame 3.0 100.0 Group1 90.004585 0.000000 0.000000 0 0 0.000000 zern 1500.0 -2.70 0.69 1.08 -0.17 -0.62 -0.11 -0.42 -0.00 -0.11 0.64 -0.09 -0.03 -0.21 0.25 -0.36 0.10 -0.04 0.17 0.01 0.26 -0.18 0.00
R40_SG1 258730.0 -212230.0 10.0 4000 4072 silicon CMOS frame 0.1 100.0 Group2 90.009102 0.000000 0.000000 0 0 0.000000 zern 0.00 -2.73 1.73 1.46 -0.08 -0.56 -0.87 -0.01 -0.55 0.05 0.19 -0.25 -0.26 -0.44 -0.10 -0.16 -0.14 -0.13 -0.01 0.15 -0.19 -0.11 0.00
R41_S00 211740.0 -169260.0 10.0 4000 4072 silicon CCD frame 3.0 100.0 Group0 0.021944 0.000000 0.000000 0 0 0.000000 zern 0.00 2.01 1.70 -1.43 0.03 0.47 -0.44 0.37 -0.40 -0.28 -0.32 0.07 -0.40 0.17 -0.97 0.01 -0.25 0.02 -0.04 -0.02 -0.32 0.04 0.00
R41_S01 211740.0 -127010.0 10.0 4000 4072 silicon CCD frame 3.0 100.0 Group0 0.021314 0.000000 0.000000 0 0 0.000000 zern 0.00 2.97 1.43 -0.40 -0.21 -0.65 -0.48 -0.00 -0.52 -0.25 0.31 0.10 -0.28 -0.40 0.63 0.10 -0.19 0.03 -0.07 0.02 -0.26 0.06 0.00
R41_S02 211740.0 -84760.0 10.0 4000 4072 silicon CCD frame 3.0 100.0 Group0 -0.007678 0.000000 0.000000 0 0 0.000000 zern 0.00 0.35 1.28 0.51 -0.17 -0.53 -0.60 -0.21 -0.17 -0.01 -0.21 -0.12 -0.02 -0.24 -0.48 0.36 -0.16 0.10 -0.08 0.01 -0.19 0.17 0.00
R41_S10 253990.0 -169260.0 10.0 4000 4072 silicon CCD frame 3.0 100.0 Group0 -0.002922 0.000000 0.000000 0 0 0.000000 zern 0.00 -3.54 -0.90 2.42 -0.33 -0.42 0.16 -0.95 0.01 0.22 -0.20 -0.33 0.42 -0.19 0.71 -0.23 -0.04 -0.30 0.06 0.11 -0.09 -0.41 0.00
R41_S11 253990.0 -127010.0 10.0 4000 4072 silicon CCD frame 3.0 100.0 Group0 -0.006016 0.000000 0.000000 0 0 0.000000 zern 0.00 -0.15 -1.79 1.29 0.03 -0.30 0.33 -0.22 1.00 0.82 -0.04 0.16 0.07 -0.00 -0.53 0.43 0.10 -0.14 0.05 0.09 0.12 -0.14 0.00
R41_S12 253990.0 -84760.0 10.0 4000 4072 silicon CCD frame 3.0 100.0 Group0 0.021658 0.000000 0.000000 0 0 0.000000 zern 0.00 7.50 2.57 -0.02 -0.01 0.25 -0.32 -0.00 -0.97 -0.34 -0.08 -0.60 -0.39 -0.18 0.13 0.60 -0.26 0.14 0.05 -0.19 -0.41 0.13 0.00
R41_S20 296240.0 -169260.0 10.0 4000 4072 silicon CCD frame 3.0 100.0 Group0 0.004011 0.000000 0.000000 0 0 0.000000 zern 0.00 6.44 1.44 -0.54 0.09 -0.54 -0.93 0.46 -0.39 -0.38 -0.14 -0.44 -0.16 -0.44 -0.29 -0.36 -0.05 -0.02 -0.13 0.03 -0.02 -0.03 0.00
R41_S21 296240.0 -127010.0 10.0 4000 4072 silicon CCD frame 3.0 100.0 Group0 0.007219 0.000000 0.000000 0 0 0.000000 zern 0.00 7.30 0.80 -2.13 0.30 0.77 -0.64 0.82 -0.22 -0.28 0.21 0.22 -0.05 0.43 -0.71 0.33 0.04 0.34 0.13 -0.18 0.02 0.45 0.00
R41_S22 296240.0 -84760.0 10.0 4000 4072 silicon CCD frame 3.0 100.0 Group0 0.015928 0.000000 0.000000 0 0 0.000000 zern 0.00 1.11 -0.96 1.63 -0.01 -1.47 1.11 -0.94 0.40 -0.25 -0.35 -0.25 0.26 -0.56 -0.23 0.23 0.01 -0.16 0.06 0.09 -0.01 -0.20 0.00
R42_S00 211740.0 -42260.0 10.0 4000 4072 silicon CCD frame 3.0 100.0 Group0 -0.004011 0.000000 0.000000 0 0 0.000000 zern 0.00 -6.83 1.67 0.93 -0.20 -1.51 -0.04 -0.20 -0.95 0.13 0.12 -0.49 -0.25 -0.40 0.01 0.41 -0.16 0.07 0.07 -0.11 -0.26 0.07 0.00
R42_S01 211740.0 -10.0 10.0 4000 4072 silicon CCD frame 3.0 100.0 Group0 0.011115 0.000000 0.000000 0 0 0.000000 zern 0.00 -1.78 -0.74 1.16 -0.34 0.72 0.84 -0.81 -0.21 0.03 0.57 0.40 0.17 0.03 -0.84 0.21 0.11 -0.13 0.05 0.03 0.15 -0.16 0.00
R42_S02 211740.0 42240.0 10.0 4000 4072 silicon CCD frame 3.0 100.0 Group0 0.006474 0.000000 0.000000 0 0 0.000000 zern 0.00 -4.40 -0.93 -2.84 0.44 0.86 -0.04 0.88 0.19 0.64 0.54 0.10 -0.15 0.41 -0.77 -0.17 0.05 0.12 0.15 -0.03 0.01 0.20 0.00
R42_S10 253990.0 -42260.0 10.0 4000 4072 silicon CCD frame 3.0 100.0 Group0 0.003839 0.000000 0.000000 0 0 0.000000 zern 0.00 2.07 1.54 -1.66 -0.03 -0.46 -1.22 0.56 -0.37 0.01 -0.47 -0.32 -0.43 0.09 0.51 0.03 -0.23 0.25 -0.03 -0.07 -0.34 0.33 0.00
R42_S11 253990.0 -10.0 10.0 4000 4072 silicon CCD frame 3.0 100.0 Group0 -0.012376 0.000000 0.000000 0 0 0.000000 zern 0.00 2.32 -0.22 1.08 -0.00 -0.44 -0.18 0.05 -0.00 0.33 0.32 -0.58 0.03 -0.26 -0.31 -0.12 0.17 -0.05 -0.01 -0.07 0.25 -0.11 0.00
R42_S12 253990.0 42240.0 10.0 4000 4072 silicon CCD frame 3.0 100.0 Group0 0.010657 0.000000 0.000000 0 0 0.000000 zern 0.00 -0.88 5.72 -1.61 0.01 -0.75 0.49 0.77 -1.09 0.21 1.33 -0.15 0.60 -0.23 -0.28 0.02 -0.39 0.30 0.26 0.08 -0.69 0.50 0.00
R42_S20 296240.0 -42260.0 10.0 4000 4072 silicon CCD frame 3.0 100.0 Group0 -0.005157 0.000000 0.000000 0 0 0.000000 zern 0.00 -0.85 1.91 0.78 -0.13 -0.36 -0.51 -0.44 -1.00 -0.87 -0.03 -0.18 0.21 -0.17 -0.71 0.20 -0.32 0.12 0.08 -0.19 -0.46 0.14 0.00
R42_S21 296240.0 -10.0 10.0 4000 4072 silicon CCD frame 3.0 100.0 Group0 0.010944 0.000000 0.000000 0 0 0.000000 zern 0.00 0.99 0.42 -0.48 -0.08 -0.08 0.74 0.05 0.04 0.16 -0.15 -0.27 0.00 -0.02 0.29 -0.17 -0.07 -0.05 -0.04 0.03 -0.10 -0.10 0.00
R42_S22 296240.0 42240.0 10.0 4000 4072 silicon CCD frame 3.0 100.0 Group0 0.015871 0.000000 0.000000 0 0 0.000000 zern 0.00 9.24 0.70 -0.69 -0.01 0.53 -0.18 0.01 -0.51 0.22 -0.30 -0.06 -0.07 0.39 0.40 0.23 0.02 -0.06 0.05 -0.07 0.03 -0.13 0.00
R43_S00 211740.0 84740.0 10.0 4000 4072 silicon CCD frame 3.0 100.0 Group0 -0.002177 0.000000 0.000000 0 0 0.000000 zern 0.00 5.56 -3.05 -0.20 0.35 0.17 -0.22 0.05 1.01 0.29 0.30 -0.25 0.18 -0.09 0.27 -0.22 0.17 -0.13 0.04 0.06 0.21 -0.18 0.00
R43_S01 211740.0 126990.0 10.0 4000 4072 silicon CCD frame 3.0 100.0 Group0 -0.011402 0.000000 0.000000 0 0 0.000000 zern 0.00 1.09 1.64 -0.30 -0.27 -0.19 -0.56 -0.14 -0.33 0.13 0.13 -0.11 0.06 -0.49 0.63 -0.32 -0.18 0.05 -0.15 0.00 -0.22 0.04 0.00
R43_S02 211740.0 169240.0 10.0 4000 4072 silicon CCD frame 3.0 100.0 Group0 -0.016444 0.000000 0.000000 0 0 0.000000 zern 0.00 -0.64 -2.64 -0.46 0.21 -0.62 0.49 0.21 0.98 0.90 -0.99 0.28 -0.16 -0.10 -0.05 0.21 0.31 -0.10 -0.12 0.21 0.49 -0.07 0.00
R43_S10 253990.0 84740.0 10.0 4000 4072 silicon CCD frame 3.0 100.0 Group0 -0.010943 0.000000 0.000000 0 0 0.000000 zern 0.00 5.20 -1.27 -1.63 0.46 0.42 0.24 0.77 0.40 -0.06 -0.04 -0.06 -0.28 0.03 -0.35 -0.14 0.20 0.31 0.03 -0.06 0.27 0.43 0.00
R43_S11 253990.0 126990.0 10.0 4000 4072 silicon CCD frame 3.0 100.0 Group0 -0.010428 0.000000 0.000000 0 0 0.000000 zern 0.00 -1.47 -1.70 0.75 0.08 -0.31 0.64 0.19 0.31 0.23 -0.35 0.23 0.12 0.06 -0.26 0.30 0.24 0.05 0.07 -0.09 0.36 0.05 0.00
R43_S12 253990.0 169240.0 10.0 4000 4072 silicon CCD frame 3.0 100.0 Group0 0.000000 0.000000 0.000000 0 0 0.000000 zern 0.00 0.70 1.14 -1.90 0.23 -0.35 -0.32 1.01 0.01 -0.82 -0.01 -0.10 -0.34 -0.22 0.14 -0.00 0.11 0.26 -0.03 -0.05 0.16 0.35 0.00
R43_S20 296240.0 84740.0 10.0 4000 4072 silicon CCD frame 3.0 100.0 Group0 0.002063 0.000000 0.000000 0 0 0.000000 zern 0.00 12.18 -1.25 -0.87 0.20 0.46 0.68 -0.03 0.60 0.42 0.30 0.32 0.01 0.02 0.56 -0.20 0.06 0.11 0.09 -0.01 0.03 0.17 0.00
R43_S21 296240.0 126990.0 10.0 4000 4072 silicon CCD frame 3.0 100.0 Group0 -0.022116 0.000000 0.000000 0 0 0.000000 zern 0.00 2.38 3.73 -0.95 -0.00 -0.97 0.28 0.19 -0.94 0.13 0.28 -0.43 -0.10 -0.29 -0.56 -0.27 -0.23 -0.00 0.18 -0.04 -0.40 0.01 0.00
R43_S22 296240.0 169240.0 10.0 4000 4072 silicon CCD frame 3.0 100.0 Group0 -0.003552 0.000000 0.000000 0 0 0.000000 zern 0.00 -2.38 -1.44 -2.24 0.43 0.35 -0.38 1.00 0.62 -0.07 -0.50 0.15 -0.02 -0.01 0.94 0.03 0.19 0.34 -0.10 0.03 0.27 0.47 0.00
R44_SW1 225885.0 214260.0 10.0 2000 4072 silicon CCD frame 3.0 100.0 Group1 -179.991562 0.000000 0.000000 0 0 0.000000 zern -1500.0 -5.35 1.02 0.73 -0.22 0.11 0.28 0.03 -0.20 0.19 -0.13 0.07 0.04 0.01 -0.11 0.39 -0.01 0.06 -0.03 0.01 -0.10 0.11 0.00
R44_SW0 202615.0 214240.0 10.0 2000 4072 silicon CCD frame 3.0 100.0 Group1 -179.981201 0.000000 0.000000 0 0 0.000000 zern 1500.0 -3.84 0.58 0.33 -0.20 -0.77 0.32 0.15 0.00 0.27 -0.20 0.10 -0.09 0.02 0.28 0.09 -0.03 0.14 0.03 0.12 0.05 0.34 0.00
R44_SG0 258750.0 212230.0 10.0 4000 4072 silicon CMOS frame 0.1 100.0 Group2 179.992722 0.000000 0.000000 0 0 0.000000 zern 0.00 -2.62 2.30 -1.14 -0.17 -0.48 -0.13 -0.04 -1.01 0.29 -0.54 0.33 0.23 -0.05 -0.80 -0.38 -0.19 0.13 -0.03 -0.08 -0.23 0.17 0.00
R44_SG1 212230.0 258730.0 10.0 4000 4072 silicon CMOS frame 0.1 100.0 Group2 179.992722 0.000000 0.000000 0 0 0.000000 zern 0.00 -1.92 -1.18 -1.70 0.47 0.80 0.44 0.26 0.98 -0.07 0.97 0.03 0.04 0.36 -0.55 0.33 0.15 0.19 0.12 -0.07 0.18 0.28 0.00
